0   1   eps 0
1   2   eps 0
2   3   eps 0
1   1   eps eps
1   1   0   0
1   1   1   1
1   1   2   2
1   1   3   3
1   1   4   4
1   1   5   5
1   1   6   6
1   1   7   7
1   1   8   8
1   1   9   9
2   2   eps eps
2   2   0   0
2   2   1   1
2   2   2   2
2   2   3   3
2   2   4   4
2   2   5   5
2   2   6   6
2   2   7   7
2   2   8   8
2   2   9   9
3   4   1   1
3   5   2   2
3   6   3   3
3   7   4   4
3   8   5   5
3   9   6   6
3   10   7   7
3   11   8   8
3   12   9   9
3   14   0   0
0   13  eps eps
13  13  0   0
13  13  1   1
13  13  2   2
13  13   3   3
13  13   4   4
13  13   5   5
13  13   6   6
13  13   7   7
13  13   8   8
13  13   9   9
4
5
6
7
8
9
10
11
12
13
14
